Version 0.9.7
5
 4 10 175 77 128 0 1
 5 80 400 206 81 2 2
 0 220 220 877 276 8 3
 1 225 41 206 81 140 4
 3 658 72 203 58 150 5
 0
19
 255 5 71 189 71 189 71 52 71 52 240 52 240 52 0 1 0 4
 0 5 240 110 240 110 240 249 240 249 71 249 71 249 0 4 0 1
 0 5 669 109 669 109 669 32 62 32 62 262 71 262 0 5 0 1
 0 5 442 390 442 390 442 390 442 481 442 481 442 481 0 3 0 3
 0 5 71 288 71 288 71 481 71 481 273 481 273 481 0 1 0 3
 255 5 273 234 273 234 71 234 71 234 71 228 71 228 0 3 0 1
 255 5 364 325 364 325 364 234 364 234 286 234 286 234 0 3 0 3
 8454143 5 281 52 269 52 269 408 364 408 364 390 364 390 0 4 0 3
 8454143 5 300 65 309 65 309 397 377 397 377 390 377 390 0 4 0 3
 16744448 5 390 390 390 390 390 437 704 437 704 116 704 116 0 3 0 5
 16744448 5 724 116 724 116 724 412 403 412 403 390 403 390 0 5 0 3
 16744448 5 416 390 416 390 416 403 744 403 744 116 744 116 0 3 0 5
 16744448 5 429 390 429 390 764 390 764 390 764 116 764 116 0 3 0 5
 16744448 5 784 116 784 116 784 302 416 302 416 325 416 325 0 5 0 3
 16744448 5 403 325 403 325 403 266 804 266 804 116 804 116 0 3 0 5
 16744448 5 390 325 390 325 390 286 824 286 824 116 824 116 0 3 0 5
 16744448 5 377 325 377 325 377 311 844 311 844 116 844 116 0 3 0 5
 33023 5 442 325 442 325 442 52 442 52 319 52 319 52 0 3 0 4
 255 5 429 325 429 325 429 325 429 234 429 234 429 234 0 3 0 3
1
 7164 1 14 358 338 5 0 0 0 3
