Version 0.9.7
6
 4 10 175 77 128 0 1
 5 80 400 206 81 2 2
 0 270 270 877 276 8 3
 1 397 23 206 81 140 4
 3 1099 216 203 58 150 5
 1 697 25 206 81 163 6
 0
23
 255 5 71 189 71 189 323 189 323 189 323 284 323 284 0 1 0 3
 0 5 71 288 71 288 71 531 71 531 323 531 323 531 0 1 0 3
 0 5 531 440 531 440 531 440 531 531 531 531 531 531 0 3 0 3
 255 5 440 375 440 375 446 375 446 284 440 284 440 284 0 3 0 3
 255 5 412 34 412 34 336 34 336 34 336 284 336 284 0 4 0 3
 8421504 5 71 249 71 249 412 249 412 249 412 92 412 92 0 1 0 4
 8421504 5 1110 253 1110 253 1110 262 1110 262 71 262 71 262 0 5 0 1
 8454016 5 440 440 440 464 359 464 359 60 453 60 453 60 0 3 0 4
 65280 5 453 440 453 480 625 480 625 34 586 34 586 34 0 3 0 4
 8454143 5 505 375 505 361 611 361 611 14 472 14 472 60 0 3 0 4
 8454143 5 492 375 492 330 285 330 285 47 491 47 491 47 0 3 0 4
 8454143 5 479 375 479 335 642 335 642 47 510 47 510 47 0 3 0 4
 8454143 5 529 34 529 34 641 34 641 352 466 352 466 375 0 4 0 3
 8404992 5 453 375 453 375 453 133 557 133 557 34 548 34 0 3 0 4
 255 5 712 36 712 36 712 11 674 11 674 284 674 284 0 6 0 3
 0 5 712 94 712 94 712 531 712 531 765 531 765 531 0 6 0 3
 8454143 5 466 440 466 457 261 457 261 60 567 60 567 60 0 3 0 4
 8454143 5 753 36 753 36 753 1 218 1 218 440 479 440 0 6 0 3
 8454143 5 492 440 315 440 315 67 772 67 772 36 772 36 0 3 0 6
 8454143 5 791 36 791 36 791 12 291 12 291 440 505 440 0 6 0 3
 8454143 5 518 440 518 440 1145 440 1145 440 1145 260 1145 260 0 3 0 5
 8454143 5 1165 260 1165 260 531 260 531 260 531 375 531 375 0 5 0 3
 8454143 5 518 375 518 375 661 375 661 36 810 36 810 36 0 3 0 6
1
 7165 1 16 434 388 5 0 0 0 3
