Version 0.9.7
5
 4 10 175 77 128 0 1
 5 80 400 206 81 2 2
 0 160 160 877 276 8 3
 1 149 33 206 81 140 4
 3 637 28 203 58 160 6
 0
21
 255 5 71 189 71 189 71 174 71 174 213 174 213 174 0 1 0 3
 0 5 71 288 71 288 71 421 71 421 213 421 213 421 0 1 0 3
 0 5 473 330 473 356 543 356 543 421 473 421 473 421 0 3 0 3
 255 5 369 174 369 174 369 265 369 265 382 265 382 265 0 3 0 3
 255 5 164 44 164 44 121 44 121 202 71 202 71 202 0 4 0 1
 0 5 164 102 164 104 53 104 53 262 71 262 71 262 0 4 0 1
 8454143 5 421 330 421 350 548 350 548 18 205 18 205 44 0 3 0 4
 8454143 5 434 330 434 341 545 341 545 26 224 26 224 57 0 3 0 4
 8454143 5 434 265 434 265 434 65 243 65 243 70 243 70 0 3 0 4
 8454143 5 421 265 421 265 421 31 262 31 262 44 262 44 0 3 0 4
 8454143 5 473 265 473 265 473 35 281 35 281 44 281 44 0 3 0 4
 0 5 71 249 97 249 97 8 648 8 648 65 648 65 0 1 0 6
 16744448 5 395 330 395 330 395 351 683 351 683 72 683 72 0 3 0 6
 16744448 5 460 330 460 330 460 336 703 336 703 72 703 72 0 3 0 6
 16744448 5 460 265 460 265 460 236 723 236 723 72 723 72 0 3 0 6
 16744448 5 743 72 743 72 743 252 395 252 395 265 395 265 0 6 0 3
 8404992 5 408 330 408 330 408 382 763 382 763 72 763 72 0 3 0 6
 8404992 5 447 330 447 330 783 330 783 330 783 72 783 72 0 3 0 6
 8404992 5 447 265 447 265 447 122 803 122 803 72 803 72 0 3 0 6
 8404992 5 823 72 823 72 823 265 823 265 408 265 408 265 0 6 0 3
 255 5 343 174 343 174 343 330 343 330 382 330 382 330 0 3 0 3
1
 7175 1 16 376 278 5 0 0 0 3
