Version 0.9.7
5
 4 10 175 77 128 0 1
 5 80 400 206 81 2 2
 0 110 110 877 276 8 3
 1 116 427 206 81 142 4
 3 585 37 203 58 154 5
 0
14
 16711680 5 71 288 71 288 87 288 87 371 163 371 163 371 0 1 0 3
 255 5 71 189 71 189 71 124 71 124 163 124 163 124 0 1 0 3
 16744448 5 904 371 904 371 904 371 904 137 904 137 904 137 0 3 0 3
 16744448 5 930 358 930 358 930 358 930 124 930 124 930 124 0 3 0 3
 255 5 410 280 410 292 466 292 466 67 410 67 410 124 0 3 0 3
 0 5 397 215 397 208 508 208 508 405 397 405 397 371 0 3 0 3
 0 5 131 496 131 496 60 496 60 275 71 275 71 275 0 4 0 1
 255 5 131 438 131 438 15 438 15 232 71 232 71 228 0 4 0 1
 8454143 5 397 280 375 280 375 395 172 395 172 464 172 464 0 3 0 4
 8454143 5 358 280 358 280 358 382 191 382 191 464 191 464 0 3 0 4
 8454143 5 358 215 358 215 210 215 210 215 210 464 210 464 0 3 0 4
 0 5 71 249 71 249 54 249 54 93 596 93 596 74 0 1 0 5
 4259584 5 631 81 631 81 631 180 371 180 371 215 371 215 0 5 0 3
 4259584 5 651 81 651 81 651 192 384 192 384 215 384 215 0 5 0 3
1
 7076 1 16 352 228 5 0 0 0 3
